HTTP         HTTPS
40.551690142 30.526325006
47.720125786 36.209107157
49.219619353 47.776070400
51.332675222 48.210442433
51.515151515 50.277523665
51.605033385 53.081998832
52.000800320 54.776622955
53.153547373 56.428253428
53.721280297 58.509320386
54.396975249 60.644654516
54.847714790 62.828232265
55.859587418 65.479469092
56.861282367 67.699091153
57.424723948 70.058459790
58.150267851 70.585632168
59.240118688 70.807261696
59.687375411 71.486550594
60.811451069 72.675125581
61.598002218 76.393099222
62.822644401 77.921862677
63.235746048 78.528087674
64.196977433 79.634759166
65.838000023 80.367463693
66.832551679 82.475277724
68.073508415 89.456172895
75.105827631 89.949579832
78.160963361 89.949579832
83.795917124 89.949579832
85.854808348 89.949579832
87.966523843 89.949579832
88.389933835 89.949579832
88.853924625 90.493220041
89.041803402 92.588001983
89.293098044
91.371727326
92.644754561
95.289367429
97.775190665
98.311995857
98.436776153