30.306088126
30.746561886
31.241743725
41.176470588
47.663551402
47.888589398
47.966339411
48.454545455
49.422572178
51.132475151
52.843511450
53.320486214
53.976590636
55.576655273
55.916443765
56.940063091
57.198246797
59.820393975
60.606060606
60.683248427
60.896739130
64.759725400
65.297741273
65.661196911
65.662650602
69.735531703
69.855007306
70.261912275
70.432537121
70.738727215
70.738727215
70.875796178
71.220882207
71.752218981
72.343709802
73.006541360
75.498031731
77.288166713
77.569133034
78.274592320
78.310676646
78.745498702
79.336625161
79.932893170
80.238147258
80.496780129
81.886134297
83.064421152
88.962765957
89.949579832
89.949579832
89.949579832
89.949579832
89.949579832
89.949579832
89.949579832
89.949579832
89.949579832
89.949579832
89.949579832
89.949579832
89.949579832
89.949579832
91.036860249
92.588001983