38.323353293
42.780026991
47.720125786
47.720125786
48.399775407
50.039463299
51.332675222
51.332675222
51.515151515
51.515151515
51.515151515
51.694915254
51.960784314
52.040816327
52.867941307
53.439153439
53.439153439
54.003407155
54.003407155
54.790543343
54.790543343
54.904886236
55.404475043
56.314699793
56.403079076
57.319485658
57.320490368
57.528957529
57.952468007
58.348067694
59.165408669
59.314828707
59.417675857
59.957074966
60.259917921
61.362984218
61.429236499
61.766767936
62.581580856
63.063707946
63.093817140
63.377674957
63.633948732
64.760006134
65.335359236
66.340640809
66.437177281
67.227926078
67.981727575
68.165289256
73.329525985
76.882129278
77.305533280
79.016393443
83.449439425
84.142394822
84.435952156
87.273664540
87.623730349
88.309317337
88.375432413
88.404435257
88.807291325
88.900557926
88.905316331
89.178290474
89.216784138
89.369411950
90.887804878
91.855649773
92.412908741
92.876600381
95.289367429
95.289367429
97.464715775
98.085665554
98.311559879
98.312431835
98.436776153